1825491349
1825491349
1825532399
1825532399
1825550349
1825550349
1825570218
1825570218
1825613170
1825613170
1825812238
1825812238
1825974940
1825974940
1826035172
1826035172
1826167039
1826167039
1826197872
1826197872
1826238148
1826238148
1826345760
1826345760
1826369054
1826369054
1826458655
1826458655
1826474031
1826474031
1826490849
1826490849
1826509894
1826509894
1826522656
1826522656
1826540827
1826540827
1826565472
1826565472
1826591519
1826591519
1826915632
1826915632
1827023410
1827023410
